C1	02/F	02/F-01/F	400	500	25	1731	2164	25	2	0	3	0	0	0	0	0	0	8300	10	150
C1	01/F	01/F-GF/F	400	500	33	711	889	25	1	0	1	0	0	0	0	0	0	8300	10	150
C1	GF/F	GF/F-FTG.	400	600	33	1719	2579	25	2	0	3	0	0	0	0	0	0	8300	10	150
C2	RF/F	RF/F-19/F	500	720	25	1844	2656	25	3	0	3	0	0	0	0	0	0	8300	10	150
C2	19/F	19/F-18/F	500	720	33	1180	1700	25	2	0	2	0	0	0	0	0	0	8300	10	150
C2	18/F	18/F-17/F	500	720	33	1180	1700	25	2	0	2	0	0	0	0	0	0	8300	10	150
C2	17/F	17/F-16/F	500	720	33	1180	1700	25	2	0	2	0	0	0	0	0	0	8300	10	150
C2	16/F	16/F-15/F	500	720	33	1180	1700	25	2	0	2	0	0	0	0	0	0	8300	10	150
C2	15/F	15/F-14/F	500	720	33	1180	1700	25	2	0	2	0	0	0	0	0	0	8300	10	150
C2	14/F	14/F-13/F	500	720	33	1180	1700	25	2	0	2	0	0	0	0	0	0	8300	10	150
C2	13/F	13/F-12/F	500	720	33	1180	1700	25	2	0	2	0	0	0	0	0	0	8300	10	150
C2	12/F	12/F-11/F	500	720	33	1180	1700	25	2	0	2	0	0	0	0	0	0	8300	10	150
C2	11/F	11/F-10/F	500	720	33	1602	2307	25	2	0	3	0	0	0	0	0	0	8300	25	150
C2	10/F	10/F-09/F	500	1100	33	5538	12183	32	4	0	9	0	0	0	0	0	0	8300	25	150
C2	09/F	09/F-08/F	500	1100	33	3106	6833	25	4	0	8	0	0	0	0	0	0	8300	10	150
C2	08/F	08/F-07/F	500	1100	33	1375	3025	25	2	0	4	0	0	0	0	0	0	8300	10	150
C2	07/F	07/F-06/F	500	1100	33	1916	4216	25	3	0	5	0	0	0	0	0	0	8300	10	150
C2	06/F	06/F-05/F	500	1100	33	2461	5415	25	3	0	6	0	0	0	0	0	0	8300	10	150
C2	05/F	05/F-04/F	500	1100	33	2923	6431	25	4	0	8	0	0	0	0	0	0	8300	10	150
C2	04/F	04/F-03/F	500	1100	33	1375	3025	25	2	0	4	0	0	0	0	0	0	8300	10	150
C2	03/F	03/F-02/F	400	2000	33	1067	5333	25	2	0	6	0	0	0	0	0	0	8300	10	150
C2	02/F	02/F-01/F	400	2000	33	1261	6307	25	2	0	7	0	0	0	0	0	0	8300	10	150
C2	01/F	01/F-GF/F	400	2000	33	1385	6927	25	2	0	8	0	0	0	0	0	0	8300	10	150
C2	GF/F	GF/F-FTG.	400	2000	33	2520	12599	25	3	0	14	0	0	0	0	0	0	8300	25	150
C3	TR/F	TR/F-UR/F	600	300	25	960	480	25	2	0	1	0	0	0	0	0	0	8300	10	150
C3	UR/F	UR/F-RF/F	600	300	33	994	497	25	2	0	1	0	0	0	0	0	0	8300	10	150
C3	RF/F	RF/F-19/F	600	300	33	960	480	25	2	0	1	0	0	0	0	0	0	8300	10	150
C3	19/F	19/F-18/F	600	300	33	960	480	25	2	0	1	0	0	0	0	0	0	8300	10	150
C3	18/F	18/F-17/F	600	300	33	960	480	25	2	0	1	0	0	0	0	0	0	8300	10	150
C3	17/F	17/F-16/F	600	300	33	960	480	25	2	0	1	0	0	0	0	0	0	8300	10	150
C3	16/F	16/F-15/F	600	300	33	960	480	25	2	0	1	0	0	0	0	0	0	8300	10	150
C3	15/F	15/F-14/F	600	300	33	960	480	25	2	0	1	0	0	0	0	0	0	8300	10	150
C3	14/F	14/F-13/F	600	300	33	960	480	25	2	0	1	0	0	0	0	0	0	8300	10	150
C3	13/F	13/F-12/F	600	300	33	960	480	25	2	0	1	0	0	0	0	0	0	8300	10	150
C3	12/F	12/F-11/F	600	300	33	960	480	25	2	0	1	0	0	0	0	0	0	8300	10	150
C3	11/F	11/F-10/F	600	300	33	2946	1473	25	4	0	2	0	0	0	0	0	0	8300	10	150
C3	10/F	10/F-09/F	1200	400	33	8409	2803	32	6	0	2	0	0	0	0	0	0	8300	10	150
C3	09/F	09/F-08/F	1200	400	33	10209	3403	32	7	0	3	0	0	0	0	0	0	8300	10	150
C3	08/F	08/F-07/F	1200	400	33	2880	960	25	4	0	2	0	0	0	0	0	0	8300	10	150
C3	07/F	07/F-06/F	1200	400	33	2880	960	25	4	0	2	0	0	0	0	0	0	8300	10	150
C3	06/F	06/F-05/F	1200	400	33	2880	960	25	4	0	2	0	0	0	0	0	0	8300	10	150
C3	05/F	05/F-04/F	1200	400	33	2880	960	25	4	0	2	0	0	0	0	0	0	8300	10	150
C3	04/F	04/F-03/F	1200	400	33	2880	960	25	4	0	2	0	0	0	0	0	0	8300	10	150
C3	03/F	03/F-02/F	1200	400	33	2880	960	25	4	0	2	0	0	0	0	0	0	8300	10	150
C3	02/F	02/F-01/F	1200	400	33	2880	960	25	4	0	2	0	0	0	0	0	0	8300	10	150
C3	01/F	01/F-GF/F	1200	400	33	2880	960	25	4	0	2	0	0	0	0	0	0	8300	10	150
C3	GF/F	GF/F-FTG.	1200	600	33	11760	5880	32	8	0	4	0	0	0	0	0	0	8300	25	150
C4	09/F	09/F-08/F	1200	400	25	12952	4317	32	9	0	3	0	0	0	0	0	0	8300	10	150
C4	08/F	08/F-07/F	1200	400	33	2880	960	25	4	0	2	0	0	0	0	0	0	8300	10	150
C4	07/F	07/F-06/F	1200	400	33	2880	960	25	4	0	2	0	0	0	0	0	0	8300	10	150
C4	06/F	06/F-05/F	1200	400	33	2880	960	25	4	0	2	0	0	0	0	0	0	8300	10	150
C4	05/F	05/F-04/F	1200	400	33	2880	960	25	4	0	2	0	0	0	0	0	0	8300	10	150
C4	04/F	04/F-03/F	1200	400	33	2880	960	25	4	0	2	0	0	0	0	0	0	8300	10	150
C4	03/F	03/F-02/F	1200	400	33	2880	960	25	4	0	2	0	0	0	0	0	0	8300	10	150
C4	02/F	02/F-01/F	1200	400	33	2880	960	25	4	0	2	0	0	0	0	0	0	8300	10	150
C4	01/F	01/F-GF/F	1200	400	33	9211	3070	32	7	0	3	0	0	0	0	0	0	8300	10	150
C4	GF/F	GF/F-FTG.	850	850	33	2918	2918	25	4	0	4	0	0	0	0	0	0	8300	10	150
C5	02/F	02/F-01/F	850	400	25	2446	1151	25	3	0	2	0	0	0	0	0	0	8300	10	150
C5	01/F	01/F-GF/F	850	400	33	1850	870	25	3	0	1	0	0	0	0	0	0	8300	10	150
C5	GF/F	GF/F-FTG.	850	850	33	2890	2890	25	4	0	4	0	0	0	0	0	0	8300	10	150
C6	GF/F	GF/F-FTG.	500	500	25	3477	3477	25	4	0	4	0	0	0	0	0	0	8300	10	150
C7	GF/F	GF/F-FTG.	500	500	25	2818	2818	25	4	0	4	0	0	0	0	0	0	8300	10	150
C8	02/F	02/F-01/F	400	600	25	768	1152	25	1	0	2	0	0	0	0	0	0	8300	10	150
C8	01/F	01/F-GF/F	400	600	33	768	1152	25	1	0	2	0	0	0	0	0	0	8300	10	150
C8	GF/F	GF/F-FTG.	400	600	33	768	1152	25	1	0	2	0	0	0	0	0	0	8300	25	150
C9	03/F	03/F-02/F	400	1600	25	2394	9576	25	3	0	11	0	0	0	0	0	0	8300	10	150
C9	02/F	02/F-01/F	400	1600	33	2758	11032	32	2	0	8	0	0	0	0	0	0	8300	10	150
C9	01/F	01/F-GF/F	600	2000	35	8005	26683	40	4	0	12	0	0	0	0	0	0	10300	10	150
C9	GF/F	GF/F-FTG.	800	2000	35	14629	36571	40	6	1	16	0	0	0	0	0	0	10300	10	150
C9A	10/F	10/F-09/F	500	720	25	1180	1700	25	2	0	2	0	0	0	0	0	0	8300	10	150
C9A	09/F	09/F-08/F	400	900	33	3090	6953	32	3	0	5	0	0	0	0	0	0	8300	25	150
C9A	08/F	08/F-07/F	400	900	33	3090	6953	32	3	0	5	0	0	0	0	0	0	8300	10	150
C9A	07/F	07/F-06/F	500	900	33	3418	6152	25	4	0	7	0	0	0	0	0	0	8300	10	150
C9A	06/F	06/F-05/F	500	900	33	3424	6163	25	4	0	7	0	0	0	0	0	0	8300	10	150
C9A	05/F	05/F-04/F	500	900	33	4172	7510	32	3	0	6	0	0	0	0	0	0	8300	10	150
C9A	04/F	04/F-FTG.	500	900	33	5110	9198	32	4	0	7	0	0	0	0	0	0	8300	10	150
C10	09/F	09/F-08/F	500	930	25	3856	7173	32	3	0	5	0	0	0	0	0	0	8300	10	150
C10	08/F	08/F-07/F	500	930	33	2432	4523	25	3	0	5	0	0	0	0	0	0	8300	10	150
C10	07/F	07/F-06/F	500	930	33	3206	5963	25	4	0	7	0	0	0	0	0	0	8300	10	150
C10	06/F	06/F-05/F	500	930	33	3980	7404	32	3	0	5	0	0	0	0	0	0	8300	10	150
C10	05/F	05/F-04/F	500	930	33	4755	8844	32	4	0	6	0	0	0	0	0	0	8300	10	150
C10	04/F	04/F-03/F	500	930	33	5529	10284	32	4	0	7	0	0	0	0	0	0	8300	10	150
C10	03/F	03/F-02/F	1500	500	33	5326	1775	25	6	0	2	0	0	0	0	0	0	8300	25	150
C10	02/F	02/F-01/F	850	850	33	2890	2890	25	4	0	4	0	0	0	0	0	0	8300	10	150
C10	01/F	01/F-GF/F	850	850	33	11056	11056	32	8	0	8	0	0	0	0	0	0	8300	10	150
C10	GF/F	GF/F-FTG.	1000	1000	35	17121	17121	40	8	0	8	0	0	0	0	0	0	10300	10	150
C11	09/F	09/F-08/F	1400	400	25	7711	2203	25	9	0	3	0	0	0	0	0	0	8300	10	150
C11	08/F	08/F-07/F	1400	400	33	3484	996	25	4	0	2	0	0	0	0	0	0	8300	10	150
C11	07/F	07/F-06/F	1400	400	33	3484	996	25	4	0	2	0	0	0	0	0	0	8300	10	150
C11	06/F	06/F-05/F	1400	400	33	3484	996	25	4	0	2	0	0	0	0	0	0	8300	10	150
C11	05/F	05/F-04/F	1400	400	33	3484	996	25	4	0	2	0	0	0	0	0	0	8300	10	150
C11	04/F	04/F-03/F	1400	400	33	3484	996	25	4	0	2	0	0	0	0	0	0	8300	10	150
C11	03/F	03/F-02/F	1600	500	33	4876	1524	25	6	0	2	0	0	0	0	0	0	8300	10	150
C11	02/F	02/F-01/F	1600	500	33	4876	1524	25	6	0	2	0	0	0	0	0	0	8300	10	150
C11	01/F	01/F-GF/F	1600	500	33	8205	2564	25	10	0	3	0	0	0	0	0	0	8300	10	150
C11	GF/F	GF/F-FTG.	900	900	33	11603	11603	32	8	0	8	0	0	0	0	0	0	8300	25	150
C12	03/F	03/F-02/F	850	400	25	1850	870	25	3	0	1	0	0	0	0	0	0	8300	10	150
C12	02/F	02/F-01/F	850	500	33	2339	1376	25	3	0	2	0	0	0	0	0	0	8300	10	150
C12	01/F	01/F-GF/F	850	500	33	2141	1259	25	3	0	2	0	0	0	0	0	0	8300	10	150
C12	GF/F	GF/F-FTG.	850	850	33	2890	2890	25	4	0	4	0	0	0	0	0	0	8300	10	150
C13	02/F	02/F-01/F	400	600	25	1136	1703	25	2	0	2	0	0	0	0	0	0	8300	10	150
C13	01/F	01/F-GF/F	400	600	33	768	1152	25	1	0	2	0	0	0	0	0	0	8300	10	150
C13	GF/F	GF/F-FTG.	400	600	33	3823	5734	32	3	0	4	0	0	0	0	0	0	8300	25	150
C14	02/F	02/F-01/F	400	600	25	1258	1887	25	2	0	3	0	0	0	0	0	0	8300	10	150
C14	01/F	01/F-GF/F	400	600	33	768	1152	25	1	0	2	0	0	0	0	0	0	8300	10	150
C14	GF/F	GF/F-FTG.	500	600	33	3756	4508	32	3	0	4	0	0	0	0	0	0	8300	10	150
C15	01/F	01/F-GF/F	1480	1400	25	25447	24071	40	11	0	11	0	0	0	0	0	0	10300	10	150
C15	GF/F	GF/F-FTG.	1480	1400	33	8518	8058	25	10	0	9	0	0	0	0	0	0	8300	25	150
C16	02/F	02/F-01/F	1800	700	25	7258	2822	25	8	0	4	0	0	0	0	0	0	8300	10	150
C16	01/F	01/F-GF/F	1800	700	33	7258	2822	25	8	0	4	0	0	0	0	0	0	8300	10	150
C16	GF/F	GF/F-FTG.	1800	700	35	26436	10281	40	12	0	5	0	0	0	0	0	0	10300	25	150
C17	01/F	01/F-GF/F	1800	800	25	7975	3545	25	9	0	4	0	0	0	0	0	0	8300	10	150
C17	GF/F	GF/F-FTG.	1800	800	35	32922	14632	40	15	0	6	1	0	0	0	0	0	10300	25	150
C18	01/F	01/F-GF/F	1800	400	25	5518	1226	25	7	0	2	0	0	0	0	0	0	8300	10	150
C18	GF/F	GF/F-FTG.	1800	500	33	20195	5610	32	14	0	4	0	0	0	0	0	0	8300	25	150
C19	GF/F	GF/F-FTG.	550	550	25	4346	4346	25	5	0	5	0	0	0	0	0	0	8300	10	150
C20	03/F	03/F-02/F	1300	1300	25	29153	29153	40	10	3	10	3	0	0	0	0	0	10300	10	150
C20	02/F	02/F-01/F	1300	1300	33	12748	12748	32	9	0	9	0	0	0	0	0	0	8300	25	150
C20	01/F	01/F-GF/F	1300	600	33	12621	5825	32	9	0	4	0	0	0	0	0	0	8300	25	150
C20	GF/F	GF/F-FTG.	1300	600	35	18575	8573	40	8	0	4	0	0	0	0	0	0	10300	25	150
C21	03/F	03/F-02/F	950	400	25	6600	2779	32	5	0	2	0	0	0	0	0	0	8300	10	150
C21	02/F	02/F-01/F	950	400	33	2139	901	25	3	0	1	0	0	0	0	0	0	8300	10	150
C21	01/F	01/F-GF/F	950	400	33	2139	901	25	3	0	1	0	0	0	0	0	0	8300	10	150
C21	GF/F	GF/F-FTG.	950	400	33	4540	1911	25	5	0	3	0	0	0	0	0	0	8300	10	150
C22	03/F	03/F-02/F	950	400	25	6086	2562	25	7	0	3	0	0	0	0	0	0	8300	10	150
C22	02/F	02/F-01/F	950	400	33	2695	1135	25	3	0	2	0	0	0	0	0	0	8300	10	150
C22	01/F	01/F-GF/F	950	400	33	2139	901	25	3	0	1	0	0	0	0	0	0	8300	10	150
C22	GF/F	GF/F-FTG.	950	400	33	2225	937	25	3	0	2	0	0	0	0	0	0	8300	10	150
C23	03/F	03/F-02/F	950	400	25	3951	1663	25	5	0	2	0	0	0	0	0	0	8300	10	150
C23	02/F	02/F-01/F	1200	400	33	4005	1335	25	5	0	2	0	0	0	0	0	0	8300	10	150
C23	01/F	01/F-GF/F	1200	900	33	4937	3703	25	6	0	5	0	0	0	0	0	0	8300	10	150
C23	GF/F	GF/F-FTG.	1200	900	33	4937	3703	25	6	0	5	0	0	0	0	0	0	8300	10	150
C24	03/F	03/F-02/F	1100	400	25	3300	1200	25	4	0	2	0	0	0	0	0	0	8300	10	150
C24	02/F	02/F-01/F	1100	400	33	3393	1234	25	4	0	2	0	0	0	0	0	0	8300	10	150
C24	01/F	01/F-GF/F	1100	600	33	4227	2306	25	5	0	3	0	0	0	0	0	0	8300	25	150
C24	GF/F	GF/F-FTG.	1100	600	33	13035	7110	32	9	0	5	0	0	0	0	0	0	8300	25	150
C25	09/F	09/F-08/F	300	600	25	480	960	25	1	0	2	0	0	0	0	0	0	8300	10	150
C25	08/F	08/F-07/F	300	600	33	480	960	25	1	0	2	0	0	0	0	0	0	8300	10	150
C25	07/F	07/F-06/F	300	600	33	480	960	25	1	0	2	0	0	0	0	0	0	8300	10	150
C25	06/F	06/F-05/F	300	600	33	480	960	25	1	0	2	0	0	0	0	0	0	8300	10	150
C25	05/F	05/F-04/F	300	600	33	480	960	25	1	0	2	0	0	0	0	0	0	8300	10	150
C25	04/F	04/F-03/F	300	600	33	480	960	25	1	0	2	0	0	0	0	0	0	8300	10	150
C25	03/F	03/F-02/F	300	600	33	480	960	25	1	0	2	0	0	0	0	0	0	8300	10	150
C25	02/F	02/F-01/F	300	600	33	480	960	25	1	0	2	0	0	0	0	0	0	8300	10	150
C25	01/F	01/F-FTG.	300	600	33	1980	3961	32	2	0	3	0	0	0	0	0	0	8300	10	150
C26	03/F	03/F-02/F	250	750	25	1301	3903	32	1	0	3	0	0	0	0	0	0	8250	10	150
C26	02/F	02/F-01/F	250	750	25	469	1406	25	1	0	2	0	0	0	0	0	0	8250	10	150
C26	01/F	01/F-GF/F	250	750	25	469	1406	25	1	0	2	0	0	0	0	0	0	8250	10	150
C26	GF/F	GF/F-FTG.	250	750	25	469	1406	25	1	0	2	0	0	0	0	0	0	8250	10	150
C27	10/F	10/F-09/F	500	720	25	1180	1700	25	2	0	2	0	0	0	0	0	0	8300	10	150
C27	09/F	09/F-08/F	500	720	33	1180	1700	25	2	0	2	0	0	0	0	0	0	8300	10	150
C27	08/F	08/F-07/F	500	720	33	1180	1700	25	2	0	2	0	0	0	0	0	0	8300	10	150
C27	07/F	07/F-06/F	500	720	33	1180	1700	25	2	0	2	0	0	0	0	0	0	8300	10	150
C27	06/F	06/F-05/F	500	720	33	1986	2860	25	3	0	4	0	0	0	0	0	0	8300	10	150
C27	05/F	05/F-04/F	500	720	33	3196	4602	25	4	0	6	0	0	0	0	0	0	8300	10	150
C27	04/F	04/F-03/F	500	720	33	4405	6343	32	3	0	5	0	0	0	0	0	0	8300	10	150
C27	03/F	03/F-02/F	850	850	33	2890	2890	25	4	0	4	0	0	0	0	0	0	8300	10	150
C27	02/F	02/F-FTG.	850	850	33	2890	2890	25	4	0	4	0	0	0	0	0	0	8300	10	150
C28	09/F	09/F-08/F	650	650	25	7485	7485	32	6	0	6	0	0	0	0	0	0	8300	10	150
C28	08/F	08/F-07/F	650	650	33	1690	1690	25	2	0	2	0	0	0	0	0	0	8300	10	150
C28	07/F	07/F-06/F	650	650	33	1690	1690	25	2	0	2	0	0	0	0	0	0	8300	10	150
C28	06/F	06/F-05/F	650	650	33	1690	1690	25	2	0	2	0	0	0	0	0	0	8300	10	150
C28	05/F	05/F-04/F	650	650	33	1690	1690	25	2	0	2	0	0	0	0	0	0	8300	10	150
C28	04/F	04/F-03/F	650	650	33	1690	1690	25	2	0	2	0	0	0	0	0	0	8300	10	150
C28	03/F	03/F-02/F	850	850	33	2890	2890	25	4	0	4	0	0	0	0	0	0	8300	10	150
C28	02/F	02/F-FTG.	850	850	25	3613	3613	25	4	0	4	0	0	0	0	0	0	8300	10	150
C28A	09/F	09/F-08/F	720	600	25	8188	6824	32	6	0	5	0	0	0	0	0	0	8300	10	150
C28A	08/F	08/F-07/F	720	600	33	1885	1571	25	3	0	2	0	0	0	0	0	0	8300	10	150
C28A	07/F	07/F-06/F	720	600	33	1885	1571	25	3	0	2	0	0	0	0	0	0	8300	10	150
C28A	06/F	06/F-05/F	720	600	33	1885	1571	25	3	0	2	0	0	0	0	0	0	8300	10	150
C28A	05/F	05/F-04/F	720	600	33	1885	1571	25	3	0	2	0	0	0	0	0	0	8300	10	150
C28A	04/F	04/F-03/F	720	600	33	7721	6434	32	6	0	5	0	0	0	0	0	0	8300	10	150
C28A	03/F	03/F-02/F	850	850	33	2890	2890	25	4	0	4	0	0	0	0	0	0	8300	10	150
C28A	02/F	02/F-FTG.	850	850	25	3613	3613	25	4	0	4	0	0	0	0	0	0	8300	10	150
C29	03/F	03/F-02/F	250	870	25	684	2380	25	1	0	3	0	0	0	0	0	0	8250	10	150
C29	02/F	02/F-01/F	250	870	25	485	1690	25	1	0	2	0	0	0	0	0	0	8250	10	150
C29	01/F	01/F-GF/F	250	870	25	485	1690	25	1	0	2	0	0	0	0	0	0	8250	10	150
C29	GF/F	GF/F-FTG.	250	870	25	485	1690	25	1	0	2	0	0	0	0	0	0	8250	10	150
C30	09/F	09/F-08/F	850	850	25	3601	3601	25	4	0	4	0	0	0	0	0	0	8300	10	150
C30	08/F	08/F-07/F	750	750	33	2250	2250	25	3	0	3	0	0	0	0	0	0	8300	10	150
C30	07/F	07/F-06/F	750	750	33	2565	2565	25	3	0	3	0	0	0	0	0	0	8300	10	150
C30	06/F	06/F-05/F	750	750	33	4114	4114	25	5	0	5	0	0	0	0	0	0	8300	10	150
C30	05/F	05/F-04/F	750	750	33	5667	5667	25	7	0	7	0	0	0	0	0	0	8300	10	150
C30	04/F	04/F-03/F	750	750	33	7209	7209	32	5	0	5	0	0	0	0	0	0	8300	10	150
C30	03/F	03/F-02/F	850	850	33	5093	5093	25	6	0	6	0	0	0	0	0	0	8300	10	150
C30	02/F	02/F-FTG.	850	850	33	7760	7760	32	6	0	6	0	0	0	0	0	0	8300	10	150
C30A	10/F	10/F-09/F	500	720	25	1180	1700	25	2	0	2	0	0	0	0	0	0	8300	10	150
C30A	09/F	09/F-FTG.	500	720	25	1475	2125	25	2	0	3	0	0	0	0	0	0	8300	10	150
C31	03/F	03/F-FTG.	250	750	25	469	1406	25	1	0	2	0	0	0	0	0	0	8250	10	150
C32	09/F	09/F-08/F	500	900	25	3983	7169	32	3	0	5	0	0	0	0	0	0	8300	10	150
C32	08/F	08/F-07/F	500	900	33	1337	2407	25	2	0	3	0	0	0	0	0	0	8300	10	150
C32	07/F	07/F-06/F	500	900	33	1338	2409	25	2	0	3	0	0	0	0	0	0	8300	10	150
C32	06/F	06/F-05/F	500	900	33	1546	2782	25	2	0	4	0	0	0	0	0	0	8300	10	150
C32	05/F	05/F-04/F	500	900	33	1762	3171	25	2	0	4	0	0	0	0	0	0	8300	10	150
C32	04/F	04/F-03/F	500	900	33	4838	8708	32	4	0	6	0	0	0	0	0	0	8300	10	150
C32	03/F	03/F-FTG.	500	900	33	4497	8095	32	4	0	6	0	0	0	0	0	0	8300	10	150
C32A	10/F	10/F-09/F	500	720	25	1180	1700	25	2	0	2	0	0	0	0	0	0	8300	10	150
C32A	09/F	09/F-FTG.	500	720	25	1475	2125	25	2	0	3	0	0	0	0	0	0	8300	10	150
C33	03/F	03/F-FTG.	750	500	25	5346	3564	25	6	0	4	0	0	0	0	0	0	8300	10	150
C34	10/F	10/F-09/F	500	720	25	1210	1743	25	2	0	2	0	0	0	0	0	0	8300	10	150
C34	09/F	09/F-08/F	500	820	33	1591	2609	25	2	0	3	0	0	0	0	0	0	8300	10	150
C34	08/F	08/F-07/F	500	820	33	1242	2038	25	2	0	3	0	0	0	0	0	0	8300	10	150
C34	07/F	07/F-06/F	500	820	33	1242	2038	25	2	0	3	0	0	0	0	0	0	8300	10	150
C34	06/F	06/F-05/F	500	820	33	1242	2038	25	2	0	3	0	0	0	0	0	0	8300	10	150
C34	05/F	05/F-04/F	500	820	33	1242	2038	25	2	0	3	0	0	0	0	0	0	8300	10	150
C34	04/F	04/F-03/F	500	820	33	1242	2038	25	2	0	3	0	0	0	0	0	0	8300	10	150
C34	03/F	03/F-FTG.	850	850	33	2890	2890	25	4	0	4	0	0	0	0	0	0	8300	10	150
C35	09/F	09/F-08/F	500	720	25	3152	4539	25	4	0	5	0	0	0	0	0	0	8300	10	150
C35	08/F	08/F-07/F	500	720	33	4409	6349	32	3	0	5	0	0	0	0	0	0	8300	10	150
C35	07/F	07/F-06/F	500	820	33	3837	6293	32	3	0	5	0	0	0	0	0	0	8300	10	150
C35	06/F	06/F-05/F	500	820	33	4875	7994	32	4	0	6	0	0	0	0	0	0	8300	10	150
C35	05/F	05/F-04/F	500	820	33	5915	9701	32	4	0	7	0	0	0	0	0	0	8300	10	150
C35	04/F	04/F-03/F	850	850	33	2890	2890	25	4	0	4	0	0	0	0	0	0	8300	25	150
C35	03/F	03/F-FTG.	850	850	33	2890	2890	25	4	0	4	0	0	0	0	0	0	8300	10	150
C35A	10/F	10/F-09/F	500	720	25	1180	1700	25	2	0	2	0	0	0	0	0	0	8300	10	150
C35A	09/F	09/F-FTG.	500	720	25	1475	2125	25	2	0	3	0	0	0	0	0	0	8300	10	150
C36	09/F	09/F-08/F	500	820	25	2882	4726	25	4	0	6	0	0	0	0	0	0	8300	10	150
C36	08/F	08/F-07/F	500	820	33	2708	4441	25	3	0	5	0	0	0	0	0	0	8300	10	150
C36	07/F	07/F-06/F	500	820	33	3547	5817	25	4	0	7	0	0	0	0	0	0	8300	10	150
C36	06/F	06/F-05/F	500	820	33	4386	7193	32	3	0	5	0	0	0	0	0	0	8300	10	150
C36	05/F	05/F-04/F	500	820	33	5225	8569	32	4	0	6	0	0	0	0	0	0	8300	10	150
C36	04/F	04/F-03/F	500	820	33	6064	9944	40	3	0	5	0	0	0	0	0	0	8300	10	150
C36	03/F	03/F-FTG.	850	850	33	2890	2890	25	4	0	4	0	0	0	0	0	0	8300	10	150
C37	09/F	09/F-08/F	500	820	25	4042	6628	32	3	0	5	0	0	0	0	0	0	8300	10	150
C37	08/F	08/F-07/F	500	820	33	1591	2609	25	2	0	3	0	0	0	0	0	0	8300	10	150
C37	07/F	07/F-06/F	500	820	33	2120	3476	25	3	0	4	0	0	0	0	0	0	8300	10	150
C37	06/F	06/F-05/F	500	820	33	2539	4165	25	3	0	5	0	0	0	0	0	0	8300	10	150
C37	05/F	05/F-04/F	500	820	33	2994	4911	25	4	0	6	0	0	0	0	0	0	8300	10	150
C37	04/F	04/F-03/F	500	820	33	2701	4430	25	3	0	5	0	0	0	0	0	0	8300	10	150
C37	03/F	03/F-FTG.	850	850	33	2890	2890	25	4	0	4	0	0	0	0	0	0	8300	10	150
C38	TR/F	TR/F-UR/F	500	500	25	1000	1000	25	2	0	2	0	0	0	0	0	0	8300	10	150
C38	UR/F	UR/F-RF/F	500	500	33	1073	1073	25	2	0	2	0	0	0	0	0	0	8300	10	150
C38	RF/F	RF/F-19/F	500	500	33	1000	1000	25	2	0	2	0	0	0	0	0	0	8300	10	150
C38	19/F	19/F-18/F	500	500	33	1000	1000	25	2	0	2	0	0	0	0	0	0	8300	10	150
C38	18/F	18/F-17/F	500	500	33	1000	1000	25	2	0	2	0	0	0	0	0	0	8300	10	150
C38	17/F	17/F-16/F	500	500	33	1089	1089	25	2	0	2	0	0	0	0	0	0	8300	10	150
C38	16/F	16/F-15/F	500	500	33	1561	1561	25	2	0	2	0	0	0	0	0	0	8300	10	150
C38	15/F	15/F-14/F	500	500	33	2216	2216	25	3	0	3	0	0	0	0	0	0	8300	10	150
C38	14/F	14/F-13/F	500	500	33	2979	2979	25	4	0	4	0	0	0	0	0	0	8300	10	150
C38	13/F	13/F-12/F	500	500	33	3819	3819	32	3	0	3	0	0	0	0	0	0	8300	10	150
C38	12/F	12/F-11/F	500	500	33	3957	3957	32	3	0	3	0	0	0	0	0	0	8300	10	150
C38	11/F	11/F-10/F	500	500	33	2295	2295	25	3	0	3	0	0	0	0	0	0	8300	10	150
C38	10/F	10/F-FTG.	700	800	33	4614	5273	25	6	0	6	0	0	0	0	0	0	8300	25	150
C39	TR/F	TR/F-UR/F	200	450	25	222	498	25	1	0	1	0	0	0	0	0	0	8200	10	150
C39	UR/F	UR/F-RF/F	200	450	33	380	855	25	1	0	1	0	0	0	0	0	0	8200	10	150
C39	RF/F	RF/F-19/F	200	450	33	222	498	25	1	0	1	0	0	0	0	0	0	8200	10	150
C39	19/F	19/F-18/F	250	450	33	321	579	25	1	0	1	0	0	0	0	0	0	8250	10	150
C39	18/F	18/F-17/F	250	450	33	321	579	25	1	0	1	0	0	0	0	0	0	8250	10	150
C39	17/F	17/F-16/F	250	450	33	321	579	25	1	0	1	0	0	0	0	0	0	8250	10	150
C39	16/F	16/F-15/F	250	450	33	321	579	25	1	0	1	0	0	0	0	0	0	8250	10	150
C39	15/F	15/F-14/F	250	450	33	321	579	25	1	0	1	0	0	0	0	0	0	8250	10	150
C39	14/F	14/F-13/F	250	450	33	321	579	25	1	0	1	0	0	0	0	0	0	8250	10	150
C39	13/F	13/F-12/F	250	450	33	321	579	25	1	0	1	0	0	0	0	0	0	8250	10	150
C39	12/F	12/F-11/F	250	450	33	321	579	25	1	0	1	0	0	0	0	0	0	8250	10	150
C39	11/F	11/F-10/F	250	450	33	321	579	25	1	0	1	0	0	0	0	0	0	8250	25	150
C39	10/F	10/F-09/F	300	450	33	1179	1768	25	2	0	2	0	0	0	0	0	0	8300	25	150
C39	09/F	09/F-FTG.	300	450	25	767	1151	25	1	0	2	0	0	0	0	0	0	8300	10	150
C40	TR/F	TR/F-UR/F	200	790	25	255	1009	25	1	0	2	0	0	0	0	0	0	8200	10	150
C40	UR/F	UR/F-RF/F	200	930	33	271	1261	25	1	0	2	0	0	0	0	0	0	8200	10	150
C40	RF/F	RF/F-19/F	200	930	33	263	1225	25	1	0	2	0	0	0	0	0	0	8200	10	150
C40	19/F	19/F-18/F	250	930	33	394	1466	25	1	0	2	0	0	0	0	0	0	8250	10	150
C40	18/F	18/F-17/F	250	930	33	394	1466	25	1	0	2	0	0	0	0	0	0	8250	10	150
C40	17/F	17/F-16/F	250	930	33	394	1466	25	1	0	2	0	0	0	0	0	0	8250	10	150
C40	16/F	16/F-15/F	250	930	33	394	1466	25	1	0	2	0	0	0	0	0	0	8250	10	150
C40	15/F	15/F-14/F	250	930	33	394	1466	25	1	0	2	0	0	0	0	0	0	8250	10	150
C40	14/F	14/F-13/F	250	930	33	394	1466	25	1	0	2	0	0	0	0	0	0	8250	10	150
C40	13/F	13/F-12/F	250	930	33	394	1466	25	1	0	2	0	0	0	0	0	0	8250	10	150
C40	12/F	12/F-11/F	250	930	33	394	1466	25	1	0	2	0	0	0	0	0	0	8250	10	150
C40	11/F	11/F-10/F	250	930	33	394	1466	25	1	0	2	0	0	0	0	0	0	8250	25	150
C40	10/F	10/F-FTG.	400	930	33	2126	4942	25	3	0	6	0	0	0	0	0	0	8300	10	150
C41	TR/F	TR/F-UR/F	200	310	25	195	301	25	1	0	1	0	0	0	0	0	0	8200	10	150
C41	UR/F	UR/F-RF/F	200	500	33	354	884	25	1	0	1	0	0	0	0	0	0	8200	10	150
C41	RF/F	RF/F-19/F	200	500	33	229	571	25	1	0	1	0	0	0	0	0	0	8200	10	150
C41	19/F	19/F-18/F	300	450	33	542	813	25	1	0	1	0	0	0	0	0	0	8300	10	150
C41	18/F	18/F-17/F	300	450	33	446	669	25	1	0	1	0	0	0	0	0	0	8300	10	150
C41	17/F	17/F-16/F	300	450	33	432	648	25	1	0	1	0	0	0	0	0	0	8300	10	150
C41	16/F	16/F-15/F	300	450	33	432	648	25	1	0	1	0	0	0	0	0	0	8300	10	150
C41	15/F	15/F-14/F	300	450	33	432	648	25	1	0	1	0	0	0	0	0	0	8300	10	150
C41	14/F	14/F-13/F	300	450	33	432	648	25	1	0	1	0	0	0	0	0	0	8300	10	150
C41	13/F	13/F-12/F	300	450	33	432	648	25	1	0	1	0	0	0	0	0	0	8300	10	150
C41	12/F	12/F-11/F	300	450	33	432	648	25	1	0	1	0	0	0	0	0	0	8300	10	150
C41	11/F	11/F-10/F	300	450	33	432	648	25	1	0	1	0	0	0	0	0	0	8300	25	150
C41	10/F	10/F-FTG.	500	500	33	3618	3618	25	4	0	4	0	0	0	0	0	0	8300	10	150
C42	UR/F	UR/F-RF/F	800	200	25	2164	541	25	3	0	1	0	0	0	0	0	0	8200	10	150
C42	RF/F	RF/F-19/F	800	200	33	1581	395	25	2	0	1	0	0	0	0	0	0	8200	10	150
C42	19/F	19/F-18/F	800	250	33	1332	416	25	2	0	1	0	0	0	0	0	0	8250	10	150
C42	18/F	18/F-17/F	800	250	33	1421	444	25	2	0	1	0	0	0	0	0	0	8250	10	150
C42	17/F	17/F-16/F	800	250	33	1563	488	25	2	0	1	0	0	0	0	0	0	8250	10	150
C42	16/F	16/F-15/F	800	250	33	1726	539	25	2	0	1	0	0	0	0	0	0	8250	10	150
C42	15/F	15/F-14/F	800	250	33	1908	596	25	3	0	1	0	0	0	0	0	0	8250	10	150
C42	14/F	14/F-13/F	800	250	33	2111	660	25	3	0	1	0	0	0	0	0	0	8250	10	150
C42	13/F	13/F-12/F	800	250	33	2339	731	25	3	0	1	0	0	0	0	0	0	8250	10	150
C42	12/F	12/F-11/F	800	250	33	2487	777	25	3	0	1	0	0	0	0	0	0	8250	10	150
C42	11/F	11/F-10/F	800	250	33	3117	974	32	3	0	1	0	0	0	0	0	0	8250	10	150
C42	10/F	10/F-FTG.	800	400	33	5898	2949	32	4	0	2	0	0	0	0	0	0	8300	10	150
C43	RF/F	RF/F-19/F	500	500	25	1000	1000	25	2	0	2	0	0	0	0	0	0	8300	10	150
C43	19/F	19/F-18/F	500	500	33	1000	1000	25	2	0	2	0	0	0	0	0	0	8300	10	150
C43	18/F	18/F-17/F	500	500	33	1000	1000	25	2	0	2	0	0	0	0	0	0	8300	10	150
C43	17/F	17/F-16/F	500	500	33	1000	1000	25	2	0	2	0	0	0	0	0	0	8300	10	150
C43	16/F	16/F-15/F	500	500	33	1000	1000	25	2	0	2	0	0	0	0	0	0	8300	10	150
C43	15/F	15/F-14/F	500	500	33	1000	1000	25	2	0	2	0	0	0	0	0	0	8300	10	150
C43	14/F	14/F-13/F	500	500	33	1000	1000	25	2	0	2	0	0	0	0	0	0	8300	10	150
C43	13/F	13/F-12/F	500	500	33	1000	1000	25	2	0	2	0	0	0	0	0	0	8300	10	150
C43	12/F	12/F-11/F	500	500	33	1000	1000	25	2	0	2	0	0	0	0	0	0	8300	10	150
C43	11/F	11/F-FTG.	500	500	33	1000	1000	25	2	0	2	0	0	0	0	0	0	8300	10	150
C44	RF/F	RF/F-19/F	450	350	25	3056	2377	25	4	0	3	0	0	0	0	0	0	8300	10	150
C44	19/F	19/F-18/F	450	350	33	709	551	25	1	0	1	0	0	0	0	0	0	8300	25	150
C44	18/F	18/F-17/F	450	350	33	709	551	25	1	0	1	0	0	0	0	0	0	8300	25	150
C44	17/F	17/F-16/F	450	350	33	709	551	25	1	0	1	0	0	0	0	0	0	8300	25	150
C44	16/F	16/F-15/F	450	350	33	709	551	25	1	0	1	0	0	0	0	0	0	8300	25	150
C44	15/F	15/F-14/F	450	350	33	709	551	25	1	0	1	0	0	0	0	0	0	8300	25	150
C44	14/F	14/F-13/F	450	350	33	709	551	25	1	0	1	0	0	0	0	0	0	8300	25	150
C44	13/F	13/F-12/F	450	350	33	853	663	25	1	0	1	0	0	0	0	0	0	8300	25	150
C44	12/F	12/F-11/F	450	350	33	1209	940	25	2	0	2	0	0	0	0	0	0	8300	25	150
C44	11/F	11/F-FTG.	450	350	33	1827	1421	25	3	0	2	0	0	0	0	0	0	8300	25	150
C45	RF/F	RF/F-19/F	500	720	25	1509	2173	25	2	0	3	0	0	0	0	0	0	8300	10	150
C45	19/F	19/F-18/F	500	720	33	1180	1700	25	2	0	2	0	0	0	0	0	0	8300	10	150
C45	18/F	18/F-17/F	500	720	33	1180	1700	25	2	0	2	0	0	0	0	0	0	8300	10	150
C45	17/F	17/F-16/F	500	720	33	1180	1700	25	2	0	2	0	0	0	0	0	0	8300	10	150
C45	16/F	16/F-15/F	500	720	33	1180	1700	25	2	0	2	0	0	0	0	0	0	8300	10	150
C45	15/F	15/F-14/F	500	720	33	1180	1700	25	2	0	2	0	0	0	0	0	0	8300	10	150
C45	14/F	14/F-13/F	500	720	33	1180	1700	25	2	0	2	0	0	0	0	0	0	8300	10	150
C45	13/F	13/F-12/F	500	720	33	1180	1700	25	2	0	2	0	0	0	0	0	0	8300	10	150
C45	12/F	12/F-11/F	500	720	33	1180	1700	25	2	0	2	0	0	0	0	0	0	8300	10	150
C45	11/F	11/F-FTG.	500	720	33	1180	1700	25	2	0	2	0	0	0	0	0	0	8300	10	150
C46	UR/F	UR/F-RF/F	300	350	25	1367	1595	25	2	0	2	0	0	0	0	0	0	8300	10	150
C46	RF/F	RF/F-FTG.	300	450	33	2036	3054	32	2	0	3	0	0	0	0	0	0	8300	10	150
M1	02/F	02/F-01/F	750	750	25	2250	2250	25	3	0	3	0	0	0	0	0	0	8300	10	150
M1	01/F	01/F-FTG.	750	750	25	2813	2813	25	4	0	4	0	0	0	0	0	0	8300	10	150
M2	02/F	02/F-01/F	750	750	25	2250	2250	25	3	0	3	0	0	0	0	0	0	8300	10	150
M2	01/F	01/F-FTG.	750	750	25	2813	2813	25	4	0	4	0	0	0	0	0	0	8300	10	150
M3	02/F	02/F-01/F	750	750	25	2250	2250	25	3	0	3	0	0	0	0	0	0	8300	10	150
M3	01/F	01/F-FTG.	750	750	25	2813	2813	25	4	0	4	0	0	0	0	0	0	8300	10	150
M4	02/F	02/F-01/F	750	750	25	2250	2250	25	3	0	3	0	0	0	0	0	0	8300	10	150
M4	01/F	01/F-FTG.	750	750	25	2813	2813	25	4	0	4	0	0	0	0	0	0	8300	10	150
